0.0075843,6.5878,0.015833
0.0067826,6.5985,0.0325
0.0062374,6.6076,0.049167
0.0061572,6.6152,0.065833
0.0061893,6.6213,0.0825
0.0063496,6.6259,0.099167
0.0063817,6.6291,0.11583
0.0063817,6.6308,0.1325
0.0072316,6.6312,0.14917
0.0071835,6.6301,0.16583
0.0071835,6.6276,0.1825
0.0071514,6.6238,0.19917
0.0070712,6.6187,0.21583
0.0070231,6.6122,0.2325
0.0071193,6.6044,0.24917
0.0071835,6.5954,0.26583
0.0072155,6.5851,0.2825
0.0072155,6.5735,0.29917
0.0071995,6.5608,0.31583
0.0071674,6.5468,0.3325
0.0071674,6.5317,0.34917
0.0070552,6.5153,0.36583
0.0069109,6.4979,0.3825
0.0070392,6.4793,0.39917
0.0070071,6.4597,0.41583
0.0070392,6.4389,0.4325
0.0070712,6.4171,0.44917
0.0070552,6.3942,0.46583
0.0070071,6.3703,0.4825
0.006975,6.3455,0.49917
0.0068788,6.3196,0.51583
0.0069429,6.2928,0.5325
0.006975,6.265,0.54917
0.0068948,6.2363,0.56583
0.0064939,6.2067,0.5825
0.0058365,6.1762,0.59917
0.0054356,6.1752,0.61583
0.0057723,6.1454,0.6325
0.0063015,6.1132,0.64917
0.006526,6.1116,0.66583
0.0066704,6.0796,0.6825
0.0067185,6.0785,0.69917
0.0069269,6.0464,0.71583
0.0069269,6.0447,0.7325
0.0068948,6.0118,0.74917
0.0068628,6.01,0.76583
0.0067986,5.9764,0.7825
0.0067024,5.9746,0.79917
0.0065741,5.9403,0.81583
0.0063977,5.9385,0.8325
0.0063175,5.9035,0.84917
0.0061732,5.9016,0.86583
0.006061,5.8659,0.8825
0.0063175,5.864,0.89917
0.0063015,5.8277,0.91583
0.0063336,5.8257,0.9325
0.0064137,5.7888,0.94917
0.0063496,5.7868,0.96583
0.0061251,5.7492,0.9825
0.0062374,5.7472,0.99917
0.0063656,5.7091,1.0158
0.0063336,5.707,1.0325
0.0063496,5.6683,1.0492
0.0063496,5.6662,1.0658
0.0063336,5.6269,1.0825
0.0062374,5.6248,1.0992
0.0061411,5.585,1.1158
0.0059487,5.5828,1.1325
0.0060449,5.5425,1.1492
0.006061,5.5403,1.1658
0.0060449,5.4994,1.1825
0.0059648,5.4973,1.1992
0.0059327,5.4559,1.2158
0.0061091,5.4537,1.2325
0.0064137,5.4119,1.2492
0.0065901,5.4097,1.2658
0.006526,5.3674,1.2825
0.0065581,5.3652,1.2992
0.0066704,5.3225,1.3158
0.0067986,5.3202,1.3325
0.0068147,5.2771,1.3492
0.0067986,5.2748,1.3658
0.0067666,5.2313,1.3825
0.0066543,5.229,1.3992
0.0067024,5.1851,1.4158
0.006526,5.1828,1.4325
0.006542,5.1386,1.4331
0.0065901,5.1363,1.4489
0.0067344,5.0917,1.4656
0.0067344,5.0894,1.4664
0.0068147,5.0445,1.4825
0.0067986,5.0421,1.4831
0.0067024,4.9969,1.4989
0.0066863,4.9946,1.4997
0.0066543,4.9491,1.5156
0.0066382,4.9467,1.5164
0.0066863,4.901,1.5322
0.0066543,4.8986,1.5331
0.0066382,4.8527,1.5489
0.0066543,4.8502,1.5497
0.0065901,4.8041,1.5656
0.0065901,4.8016,1.5664
0.0063656,4.7553,1.5822
0.0063336,4.7528,1.5831
0.0062053,4.7063,1.5989
0.0061893,4.7038,1.5997
0.0063656,4.6571,1.6156
0.0063817,4.6546,1.6164
0.0064779,4.6078,1.6322
0.00651,4.6053,1.6331
0.0064298,4.5583,1.6489
0.0064137,4.5558,1.6497
0.0062694,4.5087,1.6656
0.0063015,4.5063,1.6664
0.0063496,4.4591,1.6822
0.0063656,4.4566,1.6831
0.0063496,4.4093,1.6989
0.0063336,4.4068,1.6997
0.006077,4.3595,1.7156
0.006093,4.357,1.7164
0.0059968,4.3097,1.7322
0.0060129,4.3072,1.7331
0.0058846,4.2599,1.7489
0.0059808,4.2574,1.7497
0.006061,4.21,1.7656
0.0060449,4.2075,1.7664
0.0059487,4.1602,1.7822
0.0059487,4.1577,1.7831
0.0059968,4.1104,1.7989
0.0059808,4.1079,1.7997
0.0061251,4.0607,1.8156
0.0061091,4.0582,1.8164
0.0058365,4.0111,1.8322
0.0058365,4.0086,1.8331
0.0057723,3.9615,1.8489
0.0058365,3.9591,1.8497
0.00566,3.9121,1.8656
0.0056119,3.9097,1.8664
0.0054676,3.8629,1.8822
0.0054195,3.8604,1.8831
0.0052431,3.8138,1.8989
0.0052431,3.8113,1.8997
0.0053554,3.7648,1.9156
0.0052912,3.7624,1.9164
0.0051469,3.7161,1.9322
0.0050828,3.7137,1.9331
0.0049064,3.6676,1.9489
0.0048743,3.6652,1.9497
0.0048262,3.6194,1.9656
0.0048423,3.617,1.9664
0.0038641,3.5714,1.9822
0.0038962,3.569,1.9831
0.0041848,3.5237,1.9989
0.0042168,3.5213,1.9997
0.0042489,3.4762,2.0156
0.0042489,3.4739,2.0164
0.0041848,3.4291,2.0322
0.0041848,3.4268,2.0331
0.0039603,3.3824,2.0489
0.0039603,3.3801,2.0497
0.003848,3.336,2.0656
0.003816,3.3337,2.0664
0.0037999,3.29,2.0822
0.0037839,3.2877,2.0831
0.0036236,3.2443,2.0989
0.0036075,3.2421,2.0997
0.0033028,3.1991,2.1156
0.0032707,3.1969,2.1164
0.0031585,3.1544,2.1322
0.0030623,3.1522,2.1331
0.002934,3.1101,2.1489
0.00295,3.1079,2.1497
0.0029661,3.0663,2.1656
0.0030142,3.0641,2.1664
0.0029981,3.0229,2.1822
0.0029661,3.0208,2.1831
0.0032226,2.9801,2.1989
0.0031585,2.978,2.1997
0.0029821,2.9378,2.2156
0.0029661,2.9357,2.2164
0.00202,2.8961,2.2322
0.0019398,2.8941,2.2331
0.0017474,2.855,2.2489
0.0017794,2.8529,2.2497
0.0022284,2.8144,2.2656
0.002485,2.8124,2.2664
0.0027416,2.7745,2.2822
0.0028218,2.7725,2.2831
0.0030783,2.7352,2.2989
0.0030302,2.7333,2.2997
0.0030462,2.6966,2.3156
0.0029821,2.6947,2.3164
0.0027576,2.6586,2.3322
0.0027416,2.6567,2.3331
0.0021001,2.6214,2.3489
0.0020039,2.6195,2.3497
0.0013625,2.5848,2.3656
0.0013625,2.583,2.3664
0.00091346,2.549,2.3822
0.001138,2.5472,2.3831
0.0007531,2.5139,2.3989
0.00078521,2.5122,2.3997
0.00067296,2.4796,2.4156
0.00067296,2.4779,2.4164
0.0006569,2.4461,2.4322
0.00072106,2.4445,2.4331
0.00097761,2.4135,2.4489
0.00094557,2.4118,2.4497
0.0006088,2.3816,2.4656
0.00059274,2.38,2.4664
0.0006088,2.3506,2.4822
0.0006569,2.3491,2.4831
0.00048048,2.3205,2.4989
0.00044844,2.319,2.4997
0.00043238,2.2913,2.5156
0.00043238,2.2898,2.5164
0.00030414,2.2629,2.5322
0.00030414,2.2616,2.5331
0.00040034,2.2356,2.5489
0.00040034,2.2342,2.5497
0.000705,2.2091,2.5656
0.00067296,2.2078,2.5664
0.0005126,2.1837,2.5822
0.00049654,2.1824,2.5831
0.00049654,2.1592,2.5989
0.00049654,2.158,2.5997
0.0003683,2.1357,2.6156
0.00035224,2.1345,2.6164
0.00028808,2.1131,2.6322
0.00028808,2.112,2.6331
0.00023998,2.0915,2.6489
0.00023998,2.0904,2.6497
0.00020787,2.0707,2.6656
0.00020787,2.0697,2.6664
0.00023998,2.0508,2.6822
0.00025604,2.0498,2.6831
0.00028808,2.0317,2.6989
0.00028808,2.0308,2.6997
0.00035224,2.0135,2.7156
0.0003683,2.0126,2.7164
0.00040034,1.996,2.7322
0.00040034,1.9952,2.7331
0.00044844,1.9793,2.7489
0.00043238,1.9785,2.7497
0.0003683,1.9633,2.7656
0.0003683,1.9625,2.7664
0.00033618,1.9481,2.7822
0.00033618,1.9473,2.7831
0.00027202,1.9335,2.7989
0.00027202,1.9328,2.7997
0.00022392,1.9195,2.8156
0.00022392,1.9188,2.8164
0.00028808,1.9062,2.8322
0.00028808,1.9056,2.8331
0.00032012,1.8935,2.8489
0.00032012,1.8929,2.8497
0.0004645,1.8814,2.8656
0.00048048,1.881,2.8664
0.0005126,1.8698,2.8822
0.0005126,1.8692,2.8831
0.00059274,1.8589,2.8989
0.00059274,1.8582,2.8997
0.00068901,1.8481,2.9156
0.000705,1.8478,2.9164
0.00076916,1.8382,2.9322
0.00078521,1.8377,2.9331
0.00081726,1.8285,2.9489
0.00081726,1.828,2.9497
0.00078521,1.8193,2.9656
0.00078521,1.8188,2.9664
0.00088141,1.8104,2.9822
0.00089747,1.81,2.9831
0.0017474,1.8019,2.9989
0.0017313,1.8015,2.9997
0.00067296,1.7937,3.0156
0.0006088,1.7933,3.0164
0.00030414,1.7859,3.0322
0.00028808,1.7855,3.0331
0.00030414,1.7783,3.0489
0.00030414,1.778,3.0497
0.0004645,1.771,3.0656
0.00044844,1.7707,3.0664
0.0004645,1.764,3.0822
0.0004645,1.7636,3.0831
0.00022392,1.7571,3.0989
0.00022392,1.7568,3.0997
0.00020787,1.7504,3.1156
0.00020787,1.7501,3.1164
0.00017582,1.7439,3.1322
0.00020787,1.7436,3.1331
0.00015977,1.7375,3.1489
0.00015977,1.7372,3.1497
0.00020787,1.7312,3.1656
0.00022392,1.7309,3.1664
0.00014378,1.725,3.1822
0.00014378,1.7247,3.1831
0.00015977,1.7188,3.1989
0.00015977,1.7185,3.1997
0.00014378,1.7127,3.2156
0.00014378,1.7124,3.2164
0.00027202,1.7065,3.2322
0.00025604,1.7062,3.2331
0.00019188,1.7003,3.2489
0.00017582,1.7,3.2497
0.00014378,1.6941,3.2656
0.00014378,1.6938,3.2664
9.5682e-05,1.6878,3.2822
0.00011167,1.6874,3.2828
0.00017582,1.6813,3.2989
0.00017582,1.681,3.2997
0.00027202,1.6748,3.3153
0.00027202,1.6744,3.3164
0.00012772,1.6681,3.3322
0.00011167,1.6677,3.3328
9.5682e-05,1.6611,3.3486
7.9624e-05,1.6608,3.3494
9.5682e-05,1.654,3.3653
9.5682e-05,1.6537,3.3661
9.5682e-05,1.6467,3.3819
9.5682e-05,1.6463,3.3828
9.5682e-05,1.639,3.3986
9.5682e-05,1.6386,3.3994
9.5682e-05,1.6311,3.4153
9.5682e-05,1.6307,3.4161
7.9624e-05,1.6229,3.4319
9.5682e-05,1.6224,3.4328
0.00011167,1.6143,3.4486
0.00011167,1.6138,3.4494
0.00011167,1.6053,3.4653
0.00011167,1.6049,3.4661
0.00011167,1.596,3.4819
0.00011167,1.5955,3.4828
0.00011167,1.5862,3.4986
0.00011167,1.5857,3.4994
0.00011167,1.576,3.5153
0.00011167,1.5755,3.5161
0.00011167,1.5653,3.5319
0.00011167,1.5647,3.5328
0.00027202,1.5541,3.5486
0.00030414,1.5535,3.5494
0.0004645,1.5423,3.5653
0.0004645,1.5417,3.5661
0.00038428,1.53,3.5819
0.0003683,1.5294,3.5828
0.00033618,1.5172,3.5986
0.00035224,1.5165,3.5994
0.00054464,1.5038,3.6153
0.0005607,1.5031,3.6161
0.00067296,1.4898,3.6319
0.00067296,1.4891,3.6328
0.00068901,1.4753,3.6486
0.00068901,1.4746,3.6494
0.00078521,1.4603,3.6653
0.00078521,1.4595,3.6661
0.00084937,1.4448,3.6819
0.00086536,1.444,3.6828
0.00044844,1.4288,3.6986
0.00038428,1.428,3.6994
0.0006088,1.4124,3.7153
0.00068901,1.4116,3.7161
0.0011059,1.3956,3.7319
0.0011219,1.3947,3.7328
0.0011861,1.3784,3.7486
0.0012021,1.3775,3.7494
0.0013304,1.3607,3.7653
0.0013464,1.3598,3.7661
0.0014266,1.3427,3.7819
0.0014266,1.3418,3.7828
0.0014747,1.3244,3.7986
0.0014747,1.3234,3.7994
0.0015228,1.3057,3.8153
0.0015389,1.3048,3.8161
0.0016351,1.2867,3.8319
0.0016512,1.2858,3.8328
0.0018436,1.2674,3.8486
0.0018596,1.2665,3.8494
0.0019558,1.2479,3.8653
0.0019558,1.2469,3.8661
0.0019398,1.2281,3.8819
0.0019398,1.2271,3.8828
0.0022925,1.2081,3.8986
0.0023246,1.207,3.8994
0.00202,1.1878,3.9153
0.0019398,1.1868,3.9161
0.0008012,1.1674,3.9319
0.00084937,1.1663,3.9328
0.0014266,1.1468,3.9486
0.0014587,1.1457,3.9494
0.0014426,1.126,3.9653
0.0014426,1.125,3.9661
0.0012823,1.1051,3.9819
0.0012663,1.1041,3.9828
0.00096156,1.0841,3.9986
0.00086536,1.0831,3.9994
0.0003683,1.063,4.0153
0.00040034,1.062,4.0161
0.00073711,1.0418,4.0319
0.0007531,1.0408,4.0328
0.00068901,1.0206,4.0486
0.00067296,1.0195,4.0494
0.0006088,0.99934,4.0653
0.0006088,0.99828,4.0661
0.0006088,0.97807,4.0819
0.0006088,0.977,4.0828
0.00064084,0.95679,4.0986
0.00064084,0.95573,4.0994
0.00068901,0.93554,4.1153
0.000705,0.93448,4.1161
0.00067296,0.91433,4.1319
0.00067296,0.91327,4.1328
0.00064084,0.89319,4.1486
0.00062486,0.89213,4.1494
0.0006569,0.87213,4.1653
0.0006569,0.87108,4.1661
0.0006088,0.85117,4.1819
0.00059274,0.85013,4.1828
0.00059274,0.83034,4.1986
0.00057676,0.8293,4.1994
0.00052866,0.80964,4.2153
0.00054464,0.80861,4.2161
0.0006088,0.78911,4.2319
0.00062486,0.78809,4.2328
0.00076916,0.76876,4.2486
0.0007531,0.76775,4.2494
0.0010578,0.74861,4.2653
0.0010418,0.74761,4.2661
0.00081726,0.72868,4.2819
0.0008012,0.72769,4.2828
0.00081726,0.70899,4.2986
0.0008012,0.70801,4.2994
0.00072106,0.68956,4.3153
0.00073711,0.68859,4.3161
0.00081726,0.67041,4.3319
0.00083331,0.66946,4.3328
0.00096156,0.65156,4.3486
0.00094557,0.65062,4.3494
0.00099367,0.63302,4.3653
0.0010257,0.6321,4.3661
0.0011861,0.61483,4.3819
0.0011861,0.61393,4.3828
0.0014747,0.59699,4.3986
0.0015068,0.59611,4.3994
0.0016993,0.57953,4.4153
0.0016993,0.57867,4.4161
0.0020681,0.56247,4.4319
0.0021322,0.56163,4.4328
0.0021001,0.54582,4.4486
0.0021322,0.545,4.4494
0.0023246,0.52961,4.4653
0.0023407,0.52882,4.4661
0.0026935,0.51386,4.4819
0.0027255,0.51309,4.4828
0.0032226,0.49858,4.4986
0.0033028,0.49783,4.4994
0.003399,0.4838,4.5153
0.003415,0.48308,4.5161
0.0039282,0.46954,4.5319
0.0039763,0.46884,4.5328
0.0043772,0.4558,4.5486
0.0044413,0.45513,4.5494
0.0044574,0.44263,4.5653
0.0044413,0.44198,4.5661
0.0048101,0.43002,4.5819
0.0048262,0.42941,4.5828
0.0050347,0.41801,4.5986
0.0050507,0.41742,4.5994
0.0051309,0.40658,4.6153
0.0051309,0.40602,4.6161
0.005195,0.39572,4.6319
0.005195,0.3952,4.6328
0.0053393,0.38543,4.6486
0.0053073,0.38493,4.6494
0.005179,0.37568,4.6653
0.005163,0.37521,4.6661
0.0050988,0.36647,4.6819
0.0051149,0.36603,4.6828
0.0053233,0.35737,4.6986
0.0053393,0.34962,4.6994
0.0052431,0.34936,4.7153
0.0052592,0.34195,4.7161
0.0053073,0.34158,4.7319
0.0053233,0.33443,4.7328
0.0052912,0.32786,4.7486
0.0053073,0.32165,4.7494
0.0053233,0.31589,4.7653
0.0053233,0.31057,4.7661
0.0054035,0.30569,4.7819
0.0054195,0.30122,4.7828
0.0053393,0.29716,4.7986
0.0053393,0.2935,4.7994
0.0052271,0.29022,4.8153
0.0052271,0.28732,4.8161
0.0051469,0.28477,4.8319
0.0051309,0.28258,4.8328
0.0052271,0.28072,4.8486
0.0052431,0.27919,4.8494
0.0053554,0.27797,4.8653
0.0053554,0.27706,4.8661
0.0053554,0.27643,4.8819
0.0053714,0.27608,4.8828
0.0053073,0.276,4.8986
0.0053233,0.27618,4.8994
0.0053714,0.2766,4.9153
0.0053714,0.27725,4.9161
0.0053875,0.27812,4.9319
0.0054035,0.2792,4.9328
0.0053714,0.28048,4.9486
0.0053714,0.28194,4.9494
0.0053393,0.28357,4.9653
0.0053393,0.28537,4.9661
0.0052752,0.28731,4.9819
0.0052592,0.28939,4.9828
0.0053073,0.2916,4.9986
0.0053073,0.29392,4.9994
0.0054195,0.29635,5.0153
0.0054195,0.29887,5.0161
0.0054035,0.30146,5.0319
0.0054195,0.30412,5.0328
0.0054035,0.30684,5.0486
0.0054035,0.3096,5.0494
0.0053714,0.3124,5.0653
0.0053714,0.31521,5.0661
0.0054195,0.31803,5.0819
0.0054035,0.32085,5.0828
0.0053554,0.32366,5.0986
0.0053554,0.32643,5.0994
0.0053393,0.32917,5.1161
0.0052912,0.33186,5.1319
0.0052752,0.33449,5.1325
0.0052592,0.33704,5.1486
0.0052752,0.33951,5.1494
0.0052592,0.34188,5.1661
0.0053714,0.34415,5.1825
0.0053554,0.34631,5.1992
0.0053554,0.34836,5.2158
0.0053073,0.35031,5.2325
0.0052592,0.35215,5.2492
0.0052431,0.3539,5.2658
0.005163,0.35556,5.2825
0.0051149,0.35712,5.2992
0.005195,0.35858,5.3158
0.0052271,0.35996,5.3325
0.0052592,0.36125,5.3492
0.0052752,0.36246,5.3658
0.0052271,0.36358,5.3825
0.005195,0.36462,5.3992
0.0052431,0.36558,5.4158
0.005195,0.36646,5.4325
0.0050668,0.36728,5.4492
0.0050828,0.36801,5.4658
0.0052271,0.36868,5.4825
0.0052111,0.36928,5.4992
0.0052111,0.36982,5.5158
0.005195,0.37029,5.5325
0.005179,0.3707,5.5492
0.0051469,0.37105,5.5658
0.0051469,0.37135,5.5825
0.0050988,0.37159,5.5992
0.0050026,0.37178,5.6158
0.0050988,0.37191,5.6325
0.005179,0.372,5.6492
0.0052271,0.37205,5.6658
0.0052431,0.37205,5.6825
0.0052431,0.37201,5.6992
0.0052271,0.37193,5.7158
0.005195,0.37181,5.7325
0.0051469,0.37166,5.7492
0.0050668,0.37148,5.7658
0.0050988,0.37126,5.7825
0.0052111,0.37102,5.7992
0.0052592,0.37075,5.8158
0.0052912,0.37046,5.8325
0.0052592,0.37015,5.8492
0.0052431,0.36981,5.8658
0.005195,0.36946,5.8825
0.0051469,0.3691,5.8992
0.0050668,0.36872,5.9158
0.0050507,0.36833,5.9325
0.005195,0.36793,5.9492
0.0052431,0.36753,5.9658
0.0052592,0.36712,5.9825
0.0052752,0.36671,5.9992
0.0052431,0.36631,6.0158
0.0052271,0.3659,6.0325
0.0052271,0.3655,6.0492
0.0051149,0.36511,6.0658
0.0050668,0.36472,6.0825
0.005163,0.36435,6.0992
0.0052271,0.36399,6.1158
0.0052752,0.36365,6.1325
0.0053073,0.36333,6.1492
0.0052752,0.36302,6.1658
0.0052271,0.36273,6.1825
0.0052431,0.36247,6.1992
0.005195,0.36223,6.2158
0.0051309,0.36201,6.2325
0.0051149,0.36181,6.2492
0.0052271,0.36163,6.2658
0.0053233,0.36147,6.2825
0.0052752,0.36133,6.2992
0.0052592,0.3612,6.3158
0.0053233,0.36109,6.3325
0.0052752,0.361,6.3492
0.0052271,0.36092,6.3658
0.005195,0.36085,6.3825
0.0051469,0.3608,6.3992
0.0052431,0.36077,6.4158
0.0053875,0.36074,6.4325
0.0053714,0.36073,6.4492
0.0054035,0.36073,6.4658
0.0054035,0.36074,6.4825
0.0053554,0.36076,6.4992
0.0053073,0.36079,6.5158
0.0052271,0.36082,6.5325
0.005195,0.36087,6.5492
0.0052752,0.36092,6.5658
0.0053714,0.36098,6.5825
0.0054035,0.36104,6.5992
0.0054356,0.36111,6.6158
0.0054998,0.36119,6.6325
0.0057884,0.36127,6.6492
0.0059167,0.36135,6.6658
0.0058846,0.36143,6.6825
0.0058205,0.36152,6.6992
0.0056922,0.36161,6.7158
0.0058365,0.3617,6.7325
0.0059006,0.36178,6.7492
0.0059327,0.36187,6.7658
0.0059167,0.36196,6.7825
0.0059006,0.36204,6.7992
0.0058846,0.36212,6.8158
0.0058686,0.3622,6.8325
0.0058205,0.36227,6.8492
0.0057242,0.36234,6.8658
0.0058686,0.36241,6.8825
0.0058846,0.36246,6.8992
0.0059808,0.36251,6.9158
0.0060129,0.36256,6.9325
0.0060289,0.36259,6.9492
0.006061,0.36262,6.9658
0.0060129,0.36264,6.9822
0.0060449,0.36264,6.9989
0.0059327,0.36264,7.0158
0.0059487,0.36262,7.0322
0.0060129,0.3626,7.0489
0.006077,0.36256,7.0656
0.006077,0.3625,7.0822
0.006093,0.36243,7.0989
0.006061,0.36235,7.1156
0.0060129,0.36225,7.1322
0.0060129,0.36214,7.1489
0.0059487,0.36213,7.1656
0.0058525,0.36201,7.1822
0.0059327,0.362,7.1989
0.0059648,0.36186,7.2156
0.0060289,0.3617,7.2322
0.006061,0.36169,7.2489
0.006077,0.36151,7.2656
0.006077,0.3615,7.2822
0.0060449,0.36132,7.2989
0.0059327,0.36131,7.3156
0.0059167,0.3611,7.3322
0.0058686,0.36109,7.3489
0.0059808,0.36087,7.3656
0.0060129,0.36086,7.3822
0.0060129,0.36063,7.3989
0.0060129,0.36062,7.4156
0.0059968,0.36037,7.4322
0.0059808,0.36036,7.4489
0.0059006,0.3601,7.4656
0.0058846,0.36009,7.4822
0.0058205,0.35982,7.4989
0.0058686,0.3598,7.5156
0.0059327,0.35952,7.5322
0.0059968,0.35951,7.5489
0.0060129,0.35921,7.5656
0.0060129,0.3592,7.5822
0.0060289,0.35889,7.5989
0.0059648,0.35887,7.6156
0.0059006,0.35856,7.6322
0.0058365,0.35854,7.6489
0.0058686,0.35821,7.6656
0.0059167,0.3582,7.6822
0.0059808,0.35786,7.6989
0.0059808,0.35784,7.7156
0.0060129,0.35749,7.7322
0.0059968,0.35748,7.7489
0.0059648,0.35712,7.7656
0.0059006,0.3571,7.7822
0.0057723,0.35674,7.7989
0.0057884,0.35672,7.8156
0.0059006,0.35635,7.8322
0.0059808,0.35633,7.8489
0.0060289,0.35595,7.8656
0.0059648,0.35593,7.8822
0.0059808,0.35554,7.8989
0.0059808,0.35552,7.9156
0.0059487,0.35512,7.9322
0.0058846,0.3551,7.9489
0.0057563,0.3547,7.9656
0.0058525,0.35468,7.9822
0.0058846,0.35427,7.9831
0.0059648,0.35425,7.9989
0.0059648,0.35384,7.9997
0.0060289,0.35382,8.0156
0.0060289,0.3534,8.0322
0.0060289,0.35338,8.0331
0.0060129,0.35296,8.0489
0.0060129,0.35294,8.0497
0.0059648,0.35251,8.0656
0.0059648,0.35249,8.0664
0.0059648,0.35206,8.0822
0.0059487,0.35204,8.0831
0.0059006,0.3516,8.0989
0.0059006,0.35158,8.0997
0.0058205,0.35115,8.1156
0.0058205,0.35112,8.1164
0.0058365,0.35069,8.1322
0.0058525,0.35066,8.1331
0.0059006,0.35022,8.1489
0.0059006,0.3502,8.1497
0.0059487,0.34976,8.1656
0.0059487,0.34974,8.1664
0.0059648,0.34929,8.1822
0.0059648,0.34927,8.1831
0.0059648,0.34883,8.1989
0.0059808,0.3488,8.1997
0.0059808,0.34836,8.2156
0.0059648,0.34834,8.2164
0.0059327,0.3479,8.2322
0.0059327,0.34787,8.2331
0.0058686,0.34743,8.2489
0.0058525,0.34741,8.2497
0.0058044,0.34697,8.2656
0.0058044,0.34694,8.2664
0.0057403,0.34651,8.2822
0.0057403,0.34648,8.2831
0.0058365,0.34605,8.2989
0.0058525,0.34602,8.2997
0.0059327,0.34559,8.3156
0.0059327,0.34557,8.3164
0.0059327,0.34514,8.3322
0.0059327,0.34511,8.3331
0.0059487,0.34469,8.3489
0.0059327,0.34466,8.3497
0.0059487,0.34424,8.3656
0.0059487,0.34422,8.3664
0.0059006,0.3438,8.3822
0.0059167,0.34378,8.3831
0.0058846,0.34336,8.3989
0.0058846,0.34334,8.3997
0.0058205,0.34294,8.4156
0.0058205,0.34291,8.4164
0.0057082,0.34251,8.4322
0.0057082,0.34248,8.4331
0.0057723,0.34209,8.4489
0.0057884,0.34206,8.4497
0.0058365,0.34168,8.4656
0.0058365,0.34165,8.4664
0.0059006,0.34128,8.4822
0.0059167,0.34125,8.4831
0.0059167,0.34088,8.4989
0.0059006,0.34085,8.4997
0.0059167,0.34049,8.5156
0.0059167,0.34046,8.5164
0.0058525,0.34011,8.5322
0.0058525,0.34009,8.5331
0.0058525,0.33974,8.5489
0.0058525,0.33972,8.5497
0.0058044,0.33938,8.5656
0.0057884,0.33936,8.5664
0.0057403,0.33903,8.5822
0.0057403,0.33901,8.5831
0.0056922,0.33869,8.5989
0.0057082,0.33867,8.5997
0.0057563,0.33836,8.6156
0.0057563,0.33834,8.6164
0.0058205,0.33804,8.6322
0.0058365,0.33802,8.6331
0.0058846,0.33773,8.6489
0.0058846,0.33771,8.6497
0.0058846,0.33743,8.6656
0.0058846,0.33741,8.6664
0.0058205,0.33714,8.6822
0.0058205,0.33712,8.6831
0.0058365,0.33686,8.6989
0.0058365,0.33684,8.6997
0.0058205,0.33658,8.7156
0.0058205,0.33656,8.7164
0.0057403,0.33632,8.7322
0.0057082,0.3363,8.7331
0.0056441,0.33606,8.7489
0.0056441,0.33604,8.7497
0.0057082,0.33581,8.7656
0.0057242,0.3358,8.7664
0.0058205,0.33557,8.7822
0.0058205,0.33555,8.7831
0.0058205,0.33534,8.7989
0.0058205,0.33532,8.7997
0.0058365,0.33511,8.8156
0.0058525,0.33509,8.8164
0.0058365,0.33489,8.8319
0.0058365,0.33487,8.8331
0.0058044,0.33467,8.8486
0.0057884,0.33466,8.8497
0.0058044,0.33446,8.8656
0.0058044,0.33445,8.8664
0.0057563,0.33426,8.8819
0.0057403,0.33425,8.8831
0.0056441,0.33406,8.8986
0.0056441,0.33405,8.8997
0.00566,0.33387,8.9153
0.0056761,0.33386,8.9164
0.0057563,0.33368,8.9319
0.0057563,0.33367,8.9331
0.0058044,0.3335,8.9486
0.0058044,0.33349,8.9497
0.0057723,0.33332,8.9653
0.0057723,0.33331,8.9664
0.0057884,0.33315,8.9819
0.0057884,0.33313,8.9831
0.0057884,0.33297,8.9986
0.0057723,0.33296,8.9997
0.0057723,0.33281,9.0153
0.0057723,0.3328,9.0164
0.0057242,0.33264,9.0319
0.0057082,0.33263,9.0331
0.00566,0.33248,9.0486
0.0056441,0.33247,9.0497
0.005628,0.33232,9.0653
0.005628,0.33231,9.0664
0.0057082,0.33216,9.0819
0.0057082,0.33215,9.0831
0.0057403,0.33201,9.0986
0.0057563,0.332,9.0997
0.0058525,0.33186,9.1153
0.0058525,0.33184,9.1164
0.0058525,0.3317,9.1319
0.0058525,0.33169,9.1331
0.0058205,0.33155,9.1486
0.0058205,0.33154,9.1497
0.0057723,0.3314,9.1653
0.0057563,0.33139,9.1664
0.0057403,0.33125,9.1819
0.0057403,0.33124,9.1831
0.0056922,0.3311,9.1986
0.0056761,0.33109,9.1997
0.005596,0.33095,9.2153
0.005596,0.33094,9.2164
0.0056441,0.3308,9.2319
0.00566,0.33079,9.2331
0.0057723,0.33065,9.2486
0.0057723,0.33064,9.2497
0.0057884,0.3305,9.2653
0.0057884,0.33049,9.2664
0.0058044,0.33034,9.2819
0.0058205,0.33033,9.2831
0.0057884,0.33019,9.2986
0.0057723,0.33018,9.2997
0.0057723,0.33003,9.3153
